MSE: 0.07318120860838175
MAE: 0.23259393957353408
R2 Score: 0.09845666797865804
