MSE: 0.08070995973373499
MAE: 0.23777049603510875
R2 Score: -0.03514311239685064
