MSE: 0.06744192192121638
MAE: 0.21428303654377276
R2 Score: 0.10561888972926725
