MSE: 0.0779539746157614
MAE: 0.23268035003117152
R2 Score: 0.08796038442693277
